230,300
230,301
230,302
230,303
230,304
230,305
230,306
230,307
230,308
230,309
230,310
230,311
230,312
230,313
230,314
230,315
230,316
230,317
230,318
230,319
230,320
230,321
230,322
230,323
230,324
230,325
230,326
230,327
230,328
230,329
230,330
230,331
230,332
230,333
230,334
230,335
230,336
230,337
230,338
230,339
230,340
230,341
230,342
230,343
230,344
230,345
230,346
230,347
230,348
230,349
230,350
230,351
230,352
230,353
230,354
230,355
230,356
230,357
230,358
230,359
230,360
230,361
230,362
230,363
230,364
230,365
230,366
230,367
230,368
230,369
230,370
230,371
230,372
230,373
230,374
230,375
230,376
230,377
230,378
230,379
230,380
230,381
230,382
230,383
230,384
230,385
230,386
230,387
230,388
230,389
230,390
230,391
230,392
230,393
230,394
230,395
230,396
230,397
230,398
230,399
230,400
230,401
231,401
232,401
233,401
234,401
235,401
236,401
237,401
238,401
239,401
240,401
241,401
242,401
243,401
244,401
245,401
246,401
247,401
248,401
249,401
250,401
251,401
252,401
253,401
254,401
255,401
256,401
257,401
258,401
259,401
260,401
261,401
262,401
263,401
264,401
265,401
266,401
267,401
268,401
269,401
270,401
271,401
272,401
273,401
274,401
275,401
276,401
277,401
278,401
279,401
280,401
281,401
282,401
283,401
284,401
285,401
286,401
287,401
288,401
289,401
290,401
291,401
292,401
293,401
294,401
295,401
296,401
297,401
298,401
299,401
300,401
301,401
302,401
303,401
304,401
305,401
306,401
307,401
308,401
309,401
310,401
311,401
312,401
313,401
314,401
315,401
316,401
317,401
318,401
319,401
320,401
321,401
322,401
323,401
324,401
325,401
326,401
327,401
328,401
329,401
330,401
331,401
331,400
331,399
331,398
331,397
331,396
331,395
331,394
331,393
331,392
331,391
331,390
331,389
331,388
331,387
331,386
331,385
331,384
331,383
331,382
331,381
331,380
331,379
331,378
331,377
331,376
331,375
331,374
331,373
331,372
331,371
331,370
331,369
331,368
331,367
331,366
331,365
331,364
331,363
331,362
331,361
331,360
331,359
331,358
331,357
331,356
331,355
331,354
331,353
331,352
331,351
331,350
331,349
331,348
331,347
331,346
331,345
331,344
331,343
331,342
331,341
331,340
331,339
331,338
331,337
331,336
331,335
331,334
331,333
331,332
331,331
331,330
331,329
331,328
331,327
331,326
331,325
331,324
331,323
331,322
331,321
331,320
331,319
331,318
331,317
331,316
331,315
331,314
331,313
331,312
331,311
331,310
331,309
331,308
331,307
331,306
331,305
331,304
331,303
331,302
331,301
331,300
331,299
330,299
329,299
328,299
327,299
326,299
325,299
324,299
323,299
322,299
321,299
320,299
319,299
318,299
317,299
316,299
315,299
314,299
313,299
312,299
311,299
310,299
309,299
308,299
307,299
306,299
305,299
304,299
303,299
302,299
301,299
300,299
299,299
298,299
297,299
296,299
295,299
294,299
293,299
292,299
291,299
290,299
289,299
288,299
287,299
286,299
285,299
284,299
283,299
282,299
281,299
280,299
279,299
278,299
277,299
276,299
275,299
274,299
273,299
272,299
271,299
270,299
269,299
268,299
267,299
266,299
265,299
264,299
263,299
262,299
261,299
260,299
259,299
258,299
257,299
256,299
255,299
254,299
253,299
252,299
251,299
250,299
249,299
248,299
247,299
246,299
245,299
244,299
243,299
242,299
241,299
240,299
239,299
238,299
237,299
236,299
235,299
234,299
233,299
232,299
231,299
230,299
