16179,16693
16145,16658
16111,16623
16077,16588
16043,16553
16010,16518
15976,16483
15942,16449
15908,16414
15875,16379
15841,16345
15808,16310
15774,16276
15741,16241
15708,16207
15674,16172
15641,16138
15608,16104
15574,16069
15541,16035
15508,16001
15475,15967
15442,15933
15409,15899
15376,15865
15343,15831
15311,15797
15278,15763
15245,15730
15213,15696
15180,15662
15147,15629
15115,15595
15082,15562
15050,15528
15018,15495
14985,15462
14953,15428
14921,15395
14889,15362
14857,15329
14825,15296
14793,15263
14761,15230
14729,15197
14697,15164
14665,15131
14634,15099
14602,15066
14570,15033
14539,15001
14507,14968
14476,14936
14445,14904
14413,14871
14382,14839
14351,14807
14320,14775
14289,14743
14258,14711
14227,14679
14196,14647
14165,14615
14134,14584
14104,14552
14073,14520
14043,14489
14012,14457
13982,14426
13951,14395
13921,14363
13891,14332
13861,14301
13831,14270
13800,14239
13771,14208
13741,14177
13711,14146
13681,14116
13651,14085
13622,14055
13592,14024
13563,13994
13533,13963
13504,13933
13475,13903
13446,13873
13416,13843
13387,13813
13358,13783
13329,13753
13301,13723
13272,13694
13243,13664
13215,13635
13186,13605
13158,13576
13129,13547
13101,13517
13073,13488
13045,13459
13017,13430
13049,13397
13082,13364
13114,13330
13147,13297
13179,13264
13212,13231
13245,13198
13278,13165
13310,13132
13343,13100
13376,13067
13409,13034
13442,13002
13476,12969
13509,12937
13542,12904
13575,12872
13609,12840
13642,12808
13675,12775
13709,12743
13743,12712
13776,12680
13810,12648
13844,12616
13877,12584
13911,12553
13945,12521
13979,12490
14013,12459
14047,12427
14081,12396
14115,12365
14149,12334
14183,12303
14218,12272
14252,12241
14286,12211
14321,12180
14355,12150
14390,12119
14424,12089
14459,12058
14493,12028
14528,11998
14563,11968
14597,11938
14632,11908
14667,11879
14702,11849
14737,11819
14772,11790
14807,11760
14842,11731
14877,11702
14912,11673
14947,11644
14982,11615
15017,11586
15053,11557
15088,11529
15123,11500
15159,11472
15194,11443
15230,11415
15265,11387
15301,11359
15336,11331
15372,11303
15408,11276
15443,11248
15479,11220
15515,11193
15551,11166
15586,11139
15622,11111
15658,11084
15694,11058
15730,11031
15766,11004
15802,10978
15838,10951
15874,10925
15910,10899
15947,10873
15983,10847
16019,10821
16055,10795
16092,10770
16128,10744
16164,10719
16201,10694
16237,10669
16273,10644
16310,10619
16346,10594
16383,10569
16420,10545
16456,10521
16493,10496
16530,10472
16552,10509
16574,10546
16596,10584
16618,10621
16641,10658
16663,10696
16686,10733
16709,10770
16731,10808
16754,10845
16777,10883
16800,10921
16823,10958
16846,10996
16869,11034
16893,11072
16916,11110
16939,11148
16963,11186
16986,11224
17010,11262
17034,11300
17058,11338
17081,11376
17105,11414
17129,11453
17154,11491
17178,11529
17202,11568
17226,11606
17251,11645
17275,11683
17300,11722
17324,11760
17349,11799
17374,11838
17398,11877
17423,11915
17448,11954
17473,11993
17498,12032
17524,12071
17549,12110
17574,12149
17599,12188
17625,12227
17650,12266
17676,12305
17702,12344
17727,12383
17753,12423
17779,12462
17805,12501
17831,12540
17857,12580
17883,12619
17909,12659
17935,12698
17961,12738
17988,12777
18014,12817
18041,12856
18067,12896
18094,12935
18120,12975
18147,13015
18174,13055
18201,13094
18228,13134
18255,13174
18282,13214
18309,13254
18336,13293
18363,13333
18390,13373
18418,13413
18445,13453
18473,13493
18500,13533
18528,13573
18555,13613
18583,13654
18611,13694
18638,13734
18666,13774
18694,13814
18722,13855
18750,13895
18778,13935
18806,13975
18834,14016
18863,14056
18891,14097
18919,14137
18948,14177
18976,14218
19005,14258
19033,14299
19062,14339
19091,14380
19119,14420
19148,14461
19116,14478
19085,14496
19053,14514
19022,14531
18990,14549
18959,14567
18927,14585
18896,14604
18865,14622
18834,14641
18802,14659
18771,14678
18740,14697
18709,14715
18678,14734
18647,14754
18616,14773
18585,14792
18554,14812
18524,14831
18493,14851
18462,14870
18432,14890
18401,14910
18370,14930
18340,14951
18310,14971
18279,14991
18249,15012
18219,15032
18188,15053
18158,15074
18128,15095
18098,15116
18068,15137
18038,15158
18008,15179
17978,15200
17948,15222
17918,15243
17889,15265
17859,15287
17829,15309
17800,15331
17770,15353
17741,15375
17712,15397
17682,15419
17653,15442
17624,15464
17594,15487
17565,15510
17536,15533
17507,15555
17478,15578
17449,15602
17421,15625
17392,15648
17363,15671
17334,15695
17306,15718
17277,15742
17249,15766
17220,15789
17192,15813
17164,15837
17135,15861
17107,15885
17079,15910
17051,15934
17023,15958
16995,15983
16967,16007
16939,16032
16912,16057
16884,16082
16856,16107
16829,16132
16801,16157
16774,16182
16746,16207
16719,16232
16692,16258
16665,16283
16637,16309
16610,16334
16583,16360
16557,16386
16530,16412
16503,16438
16476,16464
16450,16490
16423,16516
16396,16542
16370,16568
16344,16595
16317,16621
16291,16648
16265,16675
16239,16701
16213,16728
